%YAML:1.0
intrinsic: !!opencv-matrix
   rows: 3
   cols: 3
   dt: d
   data: [ 5.7493860220144643e+002, 0., 2.2507072728412905e+002, 0.,
       5.7145111388570240e+002, 2.4191738071530554e+002, 0., 0., 1. ]
distortion_coeff: !!opencv-matrix
   rows: 5
   cols: 1
   dt: d
   data: [ 6.7712711708897408e-002, -2.2374185964633050e-001,
       -1.9597985345686190e-003, -9.4296948384891069e-003,
       1.5160019055416210e+000 ]
rotation_matrices:
   - !!opencv-matrix
      rows: 3
      cols: 1
      dt: d
      data: [ 2.1976398500540242e+000, 2.1595450775190472e+000,
          -1.6583885804916082e-001 ]
   - !!opencv-matrix
      rows: 3
      cols: 1
      dt: d
      data: [ 2.0363519362268776e+000, 2.0021872783222578e+000,
          -4.1661996514836769e-001 ]
   - !!opencv-matrix
      rows: 3
      cols: 1
      dt: d
      data: [ 1.9080660746617035e+000, 1.8779130997293079e+000,
          -5.9940547937303257e-001 ]
   - !!opencv-matrix
      rows: 3
      cols: 1
      dt: d
      data: [ 1.8522244359073512e+000, 1.8258909546702073e+000,
          -7.1038120313414144e-001 ]
   - !!opencv-matrix
      rows: 3
      cols: 1
      dt: d
      data: [ 1.7439583753164161e+000, 1.7184304905456058e+000,
          -8.4922171544632330e-001 ]
   - !!opencv-matrix
      rows: 3
      cols: 1
      dt: d
      data: [ 1.8437773068730876e+000, 1.5619286390344123e+000,
          -2.7144983788918170e-001 ]
   - !!opencv-matrix
      rows: 3
      cols: 1
      dt: d
      data: [ 1.8340562337986597e+000, 1.4314864010073745e+000,
          -3.2847049681156554e-001 ]
   - !!opencv-matrix
      rows: 3
      cols: 1
      dt: d
      data: [ 1.8063215479363464e+000, 1.3174587561036495e+000,
          -3.6558210097266874e-001 ]
   - !!opencv-matrix
      rows: 3
      cols: 1
      dt: d
      data: [ 1.9167602916777626e+000, 1.3170605431689439e+000,
          -1.8490067986723455e-001 ]
   - !!opencv-matrix
      rows: 3
      cols: 1
      dt: d
      data: [ 1.7654429627526924e+000, 1.7911916985066012e+000,
          2.0115860738573221e-001 ]
   - !!opencv-matrix
      rows: 3
      cols: 1
      dt: d
      data: [ 1.6401038633245215e+000, 1.7828201958878134e+000,
          2.9444300292254388e-001 ]
   - !!opencv-matrix
      rows: 3
      cols: 1
      dt: d
      data: [ 1.5264713376809085e+000, 1.7241791108801079e+000,
          3.8203391864475000e-001 ]
   - !!opencv-matrix
      rows: 3
      cols: 1
      dt: d
      data: [ 1.8823271372697186e+000, 2.1888181601328549e+000,
          6.8783099997048347e-001 ]
   - !!opencv-matrix
      rows: 3
      cols: 1
      dt: d
      data: [ 1.8892896977408353e+000, 2.2396186601600987e+000,
          8.3769882857372935e-001 ]
   - !!opencv-matrix
      rows: 3
      cols: 1
      dt: d
      data: [ -1.9990291077124167e+000, -2.0873886745008736e+000,
          -7.4279147165904147e-001 ]
   - !!opencv-matrix
      rows: 3
      cols: 1
      dt: d
      data: [ -2.1475441458331037e+000, -1.4559042420987882e+000,
          -2.4681035407996632e-001 ]
   - !!opencv-matrix
      rows: 3
      cols: 1
      dt: d
      data: [ -2.2752789000350000e+000, -1.3195081594364368e+000,
          -1.6708231501663037e-001 ]
   - !!opencv-matrix
      rows: 3
      cols: 1
      dt: d
      data: [ -1.9439922613751361e+000, -1.3356048850445232e+000,
          1.4094958018231593e-001 ]
   - !!opencv-matrix
      rows: 3
      cols: 1
      dt: d
      data: [ -1.9001672830857201e+000, -1.6257042228135627e+000,
          5.8006410298117228e-001 ]
   - !!opencv-matrix
      rows: 3
      cols: 1
      dt: d
      data: [ -2.0264412283621924e+000, -1.6641391170960642e+000,
          9.3019855323195666e-001 ]
translation_matrices:
   - !!opencv-matrix
      rows: 3
      cols: 1
      dt: d
      data: [ -1.0848515776359929e+002, -2.8542218883244033e+001,
          4.0750983508472308e+002 ]
   - !!opencv-matrix
      rows: 3
      cols: 1
      dt: d
      data: [ -9.4031200848556921e+001, -5.3710441671307585e+001,
          3.9864661480377799e+002 ]
   - !!opencv-matrix
      rows: 3
      cols: 1
      dt: d
      data: [ -9.7679070208847321e+001, -6.7016317791091026e+001,
          4.2220279847434864e+002 ]
   - !!opencv-matrix
      rows: 3
      cols: 1
      dt: d
      data: [ -9.4337908173081686e+001, -8.3740490660058796e+001,
          4.2550862068160404e+002 ]
   - !!opencv-matrix
      rows: 3
      cols: 1
      dt: d
      data: [ -9.9452707795828431e+001, -9.6168289522499265e+001,
          4.6285242165677118e+002 ]
   - !!opencv-matrix
      rows: 3
      cols: 1
      dt: d
      data: [ -8.8564242050224408e+001, -5.5147885331922829e+001,
          3.4356368679266683e+002 ]
   - !!opencv-matrix
      rows: 3
      cols: 1
      dt: d
      data: [ -9.7528118700325535e+001, -3.8743098134777959e+001,
          3.5495301908179312e+002 ]
   - !!opencv-matrix
      rows: 3
      cols: 1
      dt: d
      data: [ -9.6757511362769918e+001, -4.7859370212076122e+001,
          3.6977133276944750e+002 ]
   - !!opencv-matrix
      rows: 3
      cols: 1
      dt: d
      data: [ -9.0712385106948531e+001, -5.3516774606583979e+001,
          3.4671427759449807e+002 ]
   - !!opencv-matrix
      rows: 3
      cols: 1
      dt: d
      data: [ -5.8047724020170214e+001, -7.7733083918935861e+001,
          3.1243752008024728e+002 ]
   - !!opencv-matrix
      rows: 3
      cols: 1
      dt: d
      data: [ -4.3635767111859515e+001, -8.1104927811092580e+001,
          2.9785225906493849e+002 ]
   - !!opencv-matrix
      rows: 3
      cols: 1
      dt: d
      data: [ -3.9603625825556009e+001, -7.8193526699662513e+001,
          2.7692971129303413e+002 ]
   - !!opencv-matrix
      rows: 3
      cols: 1
      dt: d
      data: [ -4.1155777874659940e+001, -6.4818439156007997e+001,
          2.9651076704528356e+002 ]
   - !!opencv-matrix
      rows: 3
      cols: 1
      dt: d
      data: [ -3.8008379447403861e+001, -6.3110961624850248e+001,
          2.9371578298534405e+002 ]
   - !!opencv-matrix
      rows: 3
      cols: 1
      dt: d
      data: [ -7.1407599237093308e+001, -5.2065153173636837e+001,
          3.2278374703738154e+002 ]
   - !!opencv-matrix
      rows: 3
      cols: 1
      dt: d
      data: [ -1.0887219253469029e+002, -2.0108537712374684e+001,
          4.2662549900783910e+002 ]
   - !!opencv-matrix
      rows: 3
      cols: 1
      dt: d
      data: [ -9.2076139236027743e+001, 1.4261523971703930e+001,
          4.9258739571362946e+002 ]
   - !!opencv-matrix
      rows: 3
      cols: 1
      dt: d
      data: [ -9.3752029669789010e+001, -6.2488098257055022e+001,
          5.1298680027454327e+002 ]
   - !!opencv-matrix
      rows: 3
      cols: 1
      dt: d
      data: [ -1.0708669000493619e+002, -5.7846151633171758e+001,
          4.4354250366152706e+002 ]
   - !!opencv-matrix
      rows: 3
      cols: 1
      dt: d
      data: [ -1.1166998498497502e+002, -4.1037177731684807e+001,
          4.2298078584534846e+002 ]
