%YAML:1.0
object:
   - 0.
   - 0.
   - 0.
   - 0.
   - 25.
   - 0.
   - 0.
   - 50.
   - 0.
   - 0.
   - 75.
   - 0.
   - 0.
   - 100.
   - 0.
   - 0.
   - 125.
   - 0.
   - 0.
   - 150.
   - 0.
   - 0.
   - 175.
   - 0.
   - 0.
   - 200.
   - 0.
   - 25.
   - 0.
   - 0.
   - 25.
   - 25.
   - 0.
   - 25.
   - 50.
   - 0.
   - 25.
   - 75.
   - 0.
   - 25.
   - 100.
   - 0.
   - 25.
   - 125.
   - 0.
   - 25.
   - 150.
   - 0.
   - 25.
   - 175.
   - 0.
   - 25.
   - 200.
   - 0.
   - 50.
   - 0.
   - 0.
   - 50.
   - 25.
   - 0.
   - 50.
   - 50.
   - 0.
   - 50.
   - 75.
   - 0.
   - 50.
   - 100.
   - 0.
   - 50.
   - 125.
   - 0.
   - 50.
   - 150.
   - 0.
   - 50.
   - 175.
   - 0.
   - 50.
   - 200.
   - 0.
   - 75.
   - 0.
   - 0.
   - 75.
   - 25.
   - 0.
   - 75.
   - 50.
   - 0.
   - 75.
   - 75.
   - 0.
   - 75.
   - 100.
   - 0.
   - 75.
   - 125.
   - 0.
   - 75.
   - 150.
   - 0.
   - 75.
   - 175.
   - 0.
   - 75.
   - 200.
   - 0.
   - 100.
   - 0.
   - 0.
   - 100.
   - 25.
   - 0.
   - 100.
   - 50.
   - 0.
   - 100.
   - 75.
   - 0.
   - 100.
   - 100.
   - 0.
   - 100.
   - 125.
   - 0.
   - 100.
   - 150.
   - 0.
   - 100.
   - 175.
   - 0.
   - 100.
   - 200.
   - 0.
   - 125.
   - 0.
   - 0.
   - 125.
   - 25.
   - 0.
   - 125.
   - 50.
   - 0.
   - 125.
   - 75.
   - 0.
   - 125.
   - 100.
   - 0.
   - 125.
   - 125.
   - 0.
   - 125.
   - 150.
   - 0.
   - 125.
   - 175.
   - 0.
   - 125.
   - 200.
   - 0.
   - 0.
   - 0.
   - 0.
   - 0.
   - 25.
   - 0.
   - 0.
   - 50.
   - 0.
   - 0.
   - 75.
   - 0.
   - 0.
   - 100.
   - 0.
   - 0.
   - 125.
   - 0.
   - 0.
   - 150.
   - 0.
   - 0.
   - 175.
   - 0.
   - 0.
   - 200.
   - 0.
   - 25.
   - 0.
   - 0.
   - 25.
   - 25.
   - 0.
   - 25.
   - 50.
   - 0.
   - 25.
   - 75.
   - 0.
   - 25.
   - 100.
   - 0.
   - 25.
   - 125.
   - 0.
   - 25.
   - 150.
   - 0.
   - 25.
   - 175.
   - 0.
   - 25.
   - 200.
   - 0.
   - 50.
   - 0.
   - 0.
   - 50.
   - 25.
   - 0.
   - 50.
   - 50.
   - 0.
   - 50.
   - 75.
   - 0.
   - 50.
   - 100.
   - 0.
   - 50.
   - 125.
   - 0.
   - 50.
   - 150.
   - 0.
   - 50.
   - 175.
   - 0.
   - 50.
   - 200.
   - 0.
   - 75.
   - 0.
   - 0.
   - 75.
   - 25.
   - 0.
   - 75.
   - 50.
   - 0.
   - 75.
   - 75.
   - 0.
   - 75.
   - 100.
   - 0.
   - 75.
   - 125.
   - 0.
   - 75.
   - 150.
   - 0.
   - 75.
   - 175.
   - 0.
   - 75.
   - 200.
   - 0.
   - 100.
   - 0.
   - 0.
   - 100.
   - 25.
   - 0.
   - 100.
   - 50.
   - 0.
   - 100.
   - 75.
   - 0.
   - 100.
   - 100.
   - 0.
   - 100.
   - 125.
   - 0.
   - 100.
   - 150.
   - 0.
   - 100.
   - 175.
   - 0.
   - 100.
   - 200.
   - 0.
   - 125.
   - 0.
   - 0.
   - 125.
   - 25.
   - 0.
   - 125.
   - 50.
   - 0.
   - 125.
   - 75.
   - 0.
   - 125.
   - 100.
   - 0.
   - 125.
   - 125.
   - 0.
   - 125.
   - 150.
   - 0.
   - 125.
   - 175.
   - 0.
   - 125.
   - 200.
   - 0.
   - 0.
   - 0.
   - 0.
   - 0.
   - 25.
   - 0.
   - 0.
   - 50.
   - 0.
   - 0.
   - 75.
   - 0.
   - 0.
   - 100.
   - 0.
   - 0.
   - 125.
   - 0.
   - 0.
   - 150.
   - 0.
   - 0.
   - 175.
   - 0.
   - 0.
   - 200.
   - 0.
   - 25.
   - 0.
   - 0.
   - 25.
   - 25.
   - 0.
   - 25.
   - 50.
   - 0.
   - 25.
   - 75.
   - 0.
   - 25.
   - 100.
   - 0.
   - 25.
   - 125.
   - 0.
   - 25.
   - 150.
   - 0.
   - 25.
   - 175.
   - 0.
   - 25.
   - 200.
   - 0.
   - 50.
   - 0.
   - 0.
   - 50.
   - 25.
   - 0.
   - 50.
   - 50.
   - 0.
   - 50.
   - 75.
   - 0.
   - 50.
   - 100.
   - 0.
   - 50.
   - 125.
   - 0.
   - 50.
   - 150.
   - 0.
   - 50.
   - 175.
   - 0.
   - 50.
   - 200.
   - 0.
   - 75.
   - 0.
   - 0.
   - 75.
   - 25.
   - 0.
   - 75.
   - 50.
   - 0.
   - 75.
   - 75.
   - 0.
   - 75.
   - 100.
   - 0.
   - 75.
   - 125.
   - 0.
   - 75.
   - 150.
   - 0.
   - 75.
   - 175.
   - 0.
   - 75.
   - 200.
   - 0.
   - 100.
   - 0.
   - 0.
   - 100.
   - 25.
   - 0.
   - 100.
   - 50.
   - 0.
   - 100.
   - 75.
   - 0.
   - 100.
   - 100.
   - 0.
   - 100.
   - 125.
   - 0.
   - 100.
   - 150.
   - 0.
   - 100.
   - 175.
   - 0.
   - 100.
   - 200.
   - 0.
   - 125.
   - 0.
   - 0.
   - 125.
   - 25.
   - 0.
   - 125.
   - 50.
   - 0.
   - 125.
   - 75.
   - 0.
   - 125.
   - 100.
   - 0.
   - 125.
   - 125.
   - 0.
   - 125.
   - 150.
   - 0.
   - 125.
   - 175.
   - 0.
   - 125.
   - 200.
   - 0.
   - 0.
   - 0.
   - 0.
   - 0.
   - 25.
   - 0.
   - 0.
   - 50.
   - 0.
   - 0.
   - 75.
   - 0.
   - 0.
   - 100.
   - 0.
   - 0.
   - 125.
   - 0.
   - 0.
   - 150.
   - 0.
   - 0.
   - 175.
   - 0.
   - 0.
   - 200.
   - 0.
   - 25.
   - 0.
   - 0.
   - 25.
   - 25.
   - 0.
   - 25.
   - 50.
   - 0.
   - 25.
   - 75.
   - 0.
   - 25.
   - 100.
   - 0.
   - 25.
   - 125.
   - 0.
   - 25.
   - 150.
   - 0.
   - 25.
   - 175.
   - 0.
   - 25.
   - 200.
   - 0.
   - 50.
   - 0.
   - 0.
   - 50.
   - 25.
   - 0.
   - 50.
   - 50.
   - 0.
   - 50.
   - 75.
   - 0.
   - 50.
   - 100.
   - 0.
   - 50.
   - 125.
   - 0.
   - 50.
   - 150.
   - 0.
   - 50.
   - 175.
   - 0.
   - 50.
   - 200.
   - 0.
   - 75.
   - 0.
   - 0.
   - 75.
   - 25.
   - 0.
   - 75.
   - 50.
   - 0.
   - 75.
   - 75.
   - 0.
   - 75.
   - 100.
   - 0.
   - 75.
   - 125.
   - 0.
   - 75.
   - 150.
   - 0.
   - 75.
   - 175.
   - 0.
   - 75.
   - 200.
   - 0.
   - 100.
   - 0.
   - 0.
   - 100.
   - 25.
   - 0.
   - 100.
   - 50.
   - 0.
   - 100.
   - 75.
   - 0.
   - 100.
   - 100.
   - 0.
   - 100.
   - 125.
   - 0.
   - 100.
   - 150.
   - 0.
   - 100.
   - 175.
   - 0.
   - 100.
   - 200.
   - 0.
   - 125.
   - 0.
   - 0.
   - 125.
   - 25.
   - 0.
   - 125.
   - 50.
   - 0.
   - 125.
   - 75.
   - 0.
   - 125.
   - 100.
   - 0.
   - 125.
   - 125.
   - 0.
   - 125.
   - 150.
   - 0.
   - 125.
   - 175.
   - 0.
   - 125.
   - 200.
   - 0.
   - 0.
   - 0.
   - 0.
   - 0.
   - 25.
   - 0.
   - 0.
   - 50.
   - 0.
   - 0.
   - 75.
   - 0.
   - 0.
   - 100.
   - 0.
   - 0.
   - 125.
   - 0.
   - 0.
   - 150.
   - 0.
   - 0.
   - 175.
   - 0.
   - 0.
   - 200.
   - 0.
   - 25.
   - 0.
   - 0.
   - 25.
   - 25.
   - 0.
   - 25.
   - 50.
   - 0.
   - 25.
   - 75.
   - 0.
   - 25.
   - 100.
   - 0.
   - 25.
   - 125.
   - 0.
   - 25.
   - 150.
   - 0.
   - 25.
   - 175.
   - 0.
   - 25.
   - 200.
   - 0.
   - 50.
   - 0.
   - 0.
   - 50.
   - 25.
   - 0.
   - 50.
   - 50.
   - 0.
   - 50.
   - 75.
   - 0.
   - 50.
   - 100.
   - 0.
   - 50.
   - 125.
   - 0.
   - 50.
   - 150.
   - 0.
   - 50.
   - 175.
   - 0.
   - 50.
   - 200.
   - 0.
   - 75.
   - 0.
   - 0.
   - 75.
   - 25.
   - 0.
   - 75.
   - 50.
   - 0.
   - 75.
   - 75.
   - 0.
   - 75.
   - 100.
   - 0.
   - 75.
   - 125.
   - 0.
   - 75.
   - 150.
   - 0.
   - 75.
   - 175.
   - 0.
   - 75.
   - 200.
   - 0.
   - 100.
   - 0.
   - 0.
   - 100.
   - 25.
   - 0.
   - 100.
   - 50.
   - 0.
   - 100.
   - 75.
   - 0.
   - 100.
   - 100.
   - 0.
   - 100.
   - 125.
   - 0.
   - 100.
   - 150.
   - 0.
   - 100.
   - 175.
   - 0.
   - 100.
   - 200.
   - 0.
   - 125.
   - 0.
   - 0.
   - 125.
   - 25.
   - 0.
   - 125.
   - 50.
   - 0.
   - 125.
   - 75.
   - 0.
   - 125.
   - 100.
   - 0.
   - 125.
   - 125.
   - 0.
   - 125.
   - 150.
   - 0.
   - 125.
   - 175.
   - 0.
   - 125.
   - 200.
   - 0.
   - 0.
   - 0.
   - 0.
   - 0.
   - 25.
   - 0.
   - 0.
   - 50.
   - 0.
   - 0.
   - 75.
   - 0.
   - 0.
   - 100.
   - 0.
   - 0.
   - 125.
   - 0.
   - 0.
   - 150.
   - 0.
   - 0.
   - 175.
   - 0.
   - 0.
   - 200.
   - 0.
   - 25.
   - 0.
   - 0.
   - 25.
   - 25.
   - 0.
   - 25.
   - 50.
   - 0.
   - 25.
   - 75.
   - 0.
   - 25.
   - 100.
   - 0.
   - 25.
   - 125.
   - 0.
   - 25.
   - 150.
   - 0.
   - 25.
   - 175.
   - 0.
   - 25.
   - 200.
   - 0.
   - 50.
   - 0.
   - 0.
   - 50.
   - 25.
   - 0.
   - 50.
   - 50.
   - 0.
   - 50.
   - 75.
   - 0.
   - 50.
   - 100.
   - 0.
   - 50.
   - 125.
   - 0.
   - 50.
   - 150.
   - 0.
   - 50.
   - 175.
   - 0.
   - 50.
   - 200.
   - 0.
   - 75.
   - 0.
   - 0.
   - 75.
   - 25.
   - 0.
   - 75.
   - 50.
   - 0.
   - 75.
