%YAML:1.0
Per_View_Reprojection_Errors: [ 2.15128094e-001, 3.08465451e-001,
    4.02773768e-001, 4.10168618e-001, 4.61012363e-001, 4.01427954e-001,
    3.86029422e-001, 4.39535588e-001, 4.19063032e-001, 3.58397543e-001,
    3.81028891e-001, 4.13898796e-001, 3.47635120e-001, 3.64849001e-001,
    3.49383652e-001, 2.01718450e-001, 1.65483400e-001, 2.65983403e-001,
    3.60504895e-001, 4.13924545e-001 ]
Avg_Reprojection_Error: 3.6224952591037995e-001
